NDims = 4
DimSize = 112 127 1 24
ElementType = MET_USHORT
Offset =  -332.48 -136.268890   612.17
TransformMatrix =    1 0 0 0  0 0 -1 0     0 1 0 0     0 0 0 1
ElementSpacing = 0.964285731316 0.964285731316 0.964285731316 1.000000000000
ElementByteOrderMSB = False
ElementDataFile = tags_slice1.raw
